0 0.3062384991623839 0.3755607617647953 0.34252383037444717 0.4291952106544227 0.1213839027571452 0.5133496360695871 0.08509857154508191 0.45971518717995963
0 0.23608602559339079 0.49951293996209145 0.306247372011535 0.47038760488594433 0.4152018732131079 0.6180244267965403 0.34504052679496366 0.6471497618726875
0 0.5759043073231916 0.2914395722571566 0.6348547167390244 0.33221313610447273 0.4823255424108959 0.4562593743937547 0.4233751329950632 0.41548581054643857
0 0.7039969137921903 0.389766575001615 0.7771697154256032 0.427079982336836 0.6367943528957039 0.5819253409016711 0.563621551262291 0.5446119335664501
0 0.28201855902105905 0.27167565402685223 0.33205130541637484 0.3186773904754303 0.15622325959393935 0.423958660667146 0.10619051319862355 0.37695692421856786
0 0.6276713500513895 0.3623126707862548 0.702035736402506 0.4043432385440023 0.5517798999223975 0.5538819449018231 0.4774155135712811 0.5118513771440756
0 0.7360112769376134 0.2759971046937251 0.8121780996200402 0.2480057973579351 0.9085129600462226 0.3954571143367953 0.8323461373637958 0.42344842167258534
0 0.7540394973070018 0.39587073608617596 0.8461998803111909 0.39587073608617596 0.8461998803111909 0.5807899461400358 0.7540394973070018 0.5807899461400358
0 0.32053551985251244 0.4553053794860616 0.3982739975531917 0.4334151222273878 0.47750350865223967 0.5916836888699666 0.39976503095156046 0.6135739461286404
0 0.47929565895659093 0.21476879160626844 0.5480074942310498 0.2608325917902592 0.3772894748610815 0.4040756799178857 0.30857763958662265 0.3580118797338949
