1 0.413288140989677 0.6810190752445391 0.46071754365894785 0.6600351885257891 0.5350724999246749 0.7545705243648358 0.487643097255404 0.7755544110835858
1 0.5617665544055078 0.2280399797856755 0.6045638408276722 0.19396320434079703 0.7255753193285778 0.27945153463218475 0.6827780329064135 0.3135283100770633
1 0.1544852479961498 0.4723315960052751 0.17702123613272386 0.4268142891476362 0.35074557792254235 0.47519622585344884 0.32820958978596826 0.5207135327110877
1 0.6872244299509234 0.6311716768554526 0.7294483249885391 0.6017757044975968 0.842299405407873 0.6929555204101724 0.8000755103702573 0.7223514927680282
1 0.5413589885832019 0.26738497617477236 0.6019967381491741 0.2488366465035484 0.6728638982440551 0.3791550722125432 0.6122261486780829 0.3977034018837671
1 0.61228766177177 0.699394963898992 0.6630416720075917 0.6754183200187837 0.7604115388937394 0.7913571926765287 0.7096575286579175 0.8153338365567371
1 0.11187869491929973 0.5074133783590451 0.14654615504299764 0.46353418727831597 0.30778098322197633 0.5351889063903038 0.2731135230982784 0.5790680974710329
1 0.4887187335229672 0.35664612882859925 0.529094167550745 0.326375064918009 0.6473455839683522 0.41509442428555005 0.6069701499405744 0.4453654881961403
1 0.08578286400092792 0.30672183010899096 0.14652163240189728 0.2836875012244423 0.23139401136076188 0.40957404798345703 0.1706552429597925 0.43260837686800563
1 0.48559289078059653 0.4992904771492328 0.5414489879666498 0.48525985106416336 0.5936470180735701 0.6021479180330589 0.5377909208875169 0.6161785441181283
1 0.2011725036527894 0.6627935452824674 0.2396833136571297 0.628299314800154 0.3657658259732234 0.707478963974531 0.32725501596888307 0.7419731944568443
1 0.28983250435497976 0.3783377727802557 0.30066426659818 0.3355880711743529 0.4644153729779195 0.35892656369977904 0.4535836107347193 0.4016762653056818
1 0.19732141136005996 0.6143054947453693 0.19570024979321968 0.5712157764565239 0.3605524063663579 0.5677270268203859 0.36217356793319816 0.6108167451092313
1 0.435823019444717 0.5376409718321558 0.494096786986673 0.5292691524419647 0.5256515899302829 0.6528187246196671 0.4673778223883269 0.661190544009858
1 0.593420171230214 0.5845846320182405 0.6084465745866954 0.5430237596224072 0.7675261449590222 0.5753762207107092 0.7524997416025407 0.6169370931065425
1 0.42067582345845067 0.47584845669185943 0.40738541818501317 0.43531848503929865 0.5641275529159707 0.4064070127363089 0.5774179581894082 0.44693698438886964
1 0.2832219236164955 0.19340533467017695 0.2561795903288315 0.14507932709778945 0.4259966729099333 0.09162693497233328 0.4530390061975973 0.13995294254472077
1 0.3371487109422787 0.27785832720750236 0.47313065921761027 0.20784339042888283 0.5075235669843876 0.24541691882639297 0.371541618709056 0.31543185560501247
