1 0.08760933062759169 0.1486651036452342 0.14047667015968107 0.13465751795724784 0.1665498401116351 0.309600077634914 0.1136825005795457 0.32360766332290036
1 0.5327839040293936 0.17227847133848023 0.5783032344337464 0.13542948958257775 0.6499536763046062 0.29277947957349487 0.6044343459002534 0.3296284613293974
1 0.3521095152603234 0.3635547576301616 0.39991023339317805 0.3635547576301616 0.39991023339317805 0.5547576301615795 0.3521095152603234 0.5547576301615795
1 0.3241048162315523 0.5629843496534365 0.44695286527016337 0.6086490789930356 0.4343830706152274 0.6687654882123023 0.31153502157661633 0.6231007588727031
1 0.3103937625368971 0.6181117375021383 0.43068486886447016 0.6706092958660016 0.4165903207800053 0.7280239883281608 0.29629921445243224 0.6755264299642976
1 0.41346895050854277 0.4259547578111399 0.4556996514174858 0.41375816549086836 0.4795013315136424 0.5602707296383305 0.4372706306046994 0.572467321958602
1 0.8846041626052201 0.5400575317918476 0.9341530945069528 0.5464805414828101 0.9220337975022513 0.7126880432616466 0.8724848656005186 0.706265033570684
1 0.731932083592865 0.7976575849558475 0.7774463107161512 0.7849464044079044 0.8028563828605695 0.9466965410691685 0.7573421557372833 0.9594077216171115
1 0.6109245264342105 0.7275064370421412 0.6571969338229682 0.7206512655771438 0.6711560883575735 0.8881611199925007 0.6248836809688157 0.8950162914574981
1 0.5688054664580382 0.3689103957959838 0.6750441348206122 0.46260118994250593 0.6494006997741517 0.5142950986869581 0.5431620314115776 0.42060430454043596
1 0.4635886731734655 0.34880061955933855 0.5859300837828022 0.3109142472416094 0.5963712617291699 0.3708543428596476 0.47402985111983326 0.40874071517737676
