1 0.5988167810402332 0.3868083904006815 0.6496591792245503 0.3703086379321485 0.7091762247829728 0.47346891265921437 0.6583338265986557 0.48996866512774734
1 0.7086214380373002 0.5303344656747431 0.71310220970252 0.48901332580929163 0.8703540981678501 0.4986050993480434 0.8658733265026302 0.5399262392134948
1 0.38412029414397236 0.2898405456299516 0.4092421384003381 0.2528261565918657 0.5460843657771792 0.30506861371249633 0.5209625215208136 0.34208300275058223
1 0.4596270946788186 0.693930068756607 0.5142650883854157 0.6783949260699751 0.5717173967853016 0.7920554116578895 0.5170794030787045 0.8075905543445215
1 0.3738412800919264 0.49641614042759835 0.42194229553608154 0.4731844645378414 0.5064410301113432 0.5715960971212298 0.45834001466718804 0.5948277730109868
1 0.5576483939344421 0.6356255891479857 0.5692261979347315 0.5942908011434285 0.7278505571650951 0.6192829089802695 0.7162727531648057 0.6606176969848269
1 0.5392635440243947 0.20410041811023513 0.5629957081954017 0.16417287192696692 0.7042449149961493 0.2113980134134058 0.6805127508251423 0.251325559596674
1 0.23992711579481774 0.312910669458098 0.29802785149450667 0.32612291582311537 0.25397003968433085 0.43510382300066947 0.19586930398464192 0.4218915766356521
1 0.2792704264682487 0.39671710815530725 0.3351587931674674 0.40813085191615794 0.2946740609268613 0.5196391269249878 0.2387856942276426 0.5082253831641371
1 0.4396854492089055 0.47141066990664965 0.5640112790023625 0.38820557727854854 0.6077583502387759 0.4249746746126019 0.4834325204453189 0.508179767240703
1 0.22717121542788982 0.7203828564165271 0.3145447370207718 0.6083356185964317 0.3715705561288232 0.633349019532909 0.2841970345359413 0.7453962573530044
1 0.3600482247352833 0.6960660447318784 0.33312200041526013 0.6589413261717656 0.472954089168926 0.6018931635617951 0.49988031348894907 0.6390178821219079
