1 0.4245943952784881 0.2637262611386887 0.47102203018878896 0.24921718724545952 0.5251248712597786 0.34659936141990505 0.4786972363494777 0.36110843531313414
1 0.4442386318504652 0.6825514004909979 0.48166324212968975 0.6551049079779772 0.5830893931196954 0.7328983353624091 0.5456647828404708 0.76034482787543
1 0.19789548123621936 0.3988049314515905 0.2308962294820238 0.3598000757658266 0.3820913170855399 0.4317557951380363 0.34909056883973544 0.4707606508238002
1 0.6730868282443181 0.32518096856660045 0.7260951832790403 0.30281878934025497 0.8146946116428345 0.42095516695857327 0.7616862566081123 0.44331734618491875
1 0.5665889137711252 0.6421374446793348 0.6071193092789376 0.6124437140071343 0.7200542204519649 0.6991532411862793 0.6795238249441524 0.7288469718584797
1 0.24208751077538254 0.31644494091709807 0.27777363635408625 0.2823037394739557 0.4031115090452193 0.35599660520513504 0.3674253834665156 0.39013780664827735
1 0.10550990487060705 0.499613408147697 0.1651844857625341 0.4746663052831137 0.25493383201813713 0.5954262986122856 0.19525925112621004 0.6203734014768689
1 0.337781115311509 0.6055766660675873 0.39225713979790944 0.5953870162737505 0.43199727055726994 0.7148952882781155 0.3775212460708695 0.7250849380719523
1 0.6036521036676763 0.17669722202563964 0.6585255348381045 0.1601092228936952 0.7175233656248584 0.26989009681862575 0.6626499344544302 0.2864780959505702
1 0.4107702497710208 0.3558094343957393 0.4647299337897563 0.3505089549306785 0.4853348454212174 0.4684995861764991 0.43137516140248183 0.4738000656415599
1 0.7220401491905325 0.5114795981300833 0.8285558781763545 0.4221331151114201 0.871622254057442 0.45101311155958707 0.7651065250716202 0.5403595945782502
1 0.5494518197798625 0.5893377860663807 0.6266803941794574 0.4857687553046619 0.6790848284406236 0.507749311101588 0.6018562540410287 0.6113183418633068
