1 0.3069935540052764 0.309896430695855 0.37581638140877116 0.30536249443109853 0.39537679466341025 0.4723783306822762 0.32655396725991537 0.47691226694703265
1 0.23007968360314388 0.30592338813144426 0.29747071483438337 0.29857163926985564 0.3271831197381434 0.45177622705489207 0.2597920885069039 0.4591279759164806
1 0.07374174081087556 0.434276135649431 0.25173699888091877 0.42603561444249 0.2557150635415354 0.47436910006901356 0.07771980547149218 0.48260962127595464
1 0.4152481360489875 0.18231316855334545 0.5953733450848718 0.11975398809860087 0.6278662779140168 0.17237932469933126 0.44774106887813253 0.23493850515407586
1 0.566259462620088 0.35083403171017963 0.6323199592134378 0.31476334214770285 0.7609454153017966 0.44726973872148934 0.6948849187084468 0.4833404282839661
1 0.4855382055394705 0.5045290171457302 0.5273951599925645 0.5460563892802972 0.35340756631969855 0.6447011410501777 0.3115506118666046 0.6031737689156107
1 0.6190559534192445 0.4813648253218429 0.6895859468340418 0.4911032762954323 0.653882249169468 0.6365552718948879 0.5833522557546706 0.6268168209212985
1 0.5698661309833137 0.5350268342677397 0.6063631514619912 0.5814443604749242 0.44033017678663416 0.654877533712567 0.40383315630795674 0.6084600075053824
1 0.6365596483661914 0.6409591147128678 0.8397343407580742 0.6160805809506035 0.8513553021741667 0.6694643724557933 0.6481806097822839 0.6943429062180576
1 0.6031349457181668 0.6935506472583265 0.8163247730347343 0.6718406413483866 0.8272795107741668 0.7323511840156265 0.6140896834575995 0.7540611899255664
